roundCount=20
currentPlayerIndex=2
playerCount=2
cpuCount=2
diceOrder=2,0,1,3
Player=Jannis,1500,5,0,0,0
Owned=11,13,14,1,3,6,8,9,16,18,19,21,23,24
Built=0,3,0,3,0,0,0,0,0,0,0,5,0,0,0,0,0,0,0,0,0,0,0,0,0,0,0,0,0,0,0,0,0,0,0,0,0,0,0,0
Player=Christoph,1,11,0,0,1
Owned=
Built=0,0,0,0,0,0,0,0,0,0,0,0,0,0,0,0,0,0,0,0,0,0,0,0,0,0,0,0,0,0,0,0,0,0,0,0,0,0,0,0
Player=CPU-Gegner1,1500,23,0,1,1
Owned=26,27,29,31,32,34,37,39
Built=0,0,0,0,0,0,3,0,0,0,0,0,0,0,0,0,0,0,0,0,0,0,0,0,0,0,0,0,0,0,0,0,0,0,0,0,0,4,0,4
Player=CPU-Gegner2,1500,23,0,1,1
Owned=
Built=0,0,0,0,0,0,3,0,0,0,0,0,0,0,0,0,0,0,0,0,0,0,0,0,0,0,0,0,0,0,0,0,0,0,0,0,0,0,0,0